163	200	0	43	38	39	94	117	94	133	38	51	154	193	5	147	191	82	155	80	127	60	9	33	179
200	0	43	38	70	94	117	94	133	160	51	154	193	5	60	191	82	155	80	115	60	9	33	179	25
0	43	38	70	144	117	94	133	160	115	154	193	5	60	200	82	155	80	115	54	9	33	179	25	182
43	38	70	144	177	94	133	160	115	134	193	5	60	200	58	155	80	115	54	112	33	179	25	182	31
38	70	144	177	58	133	160	115	134	154	5	60	200	58	147	80	115	54	112	117	179	25	182	31	103
70	144	177	58	112	160	115	134	154	55	60	200	58	147	152	115	54	112	117	2	25	182	31	103	100
144	177	58	112	103	115	134	154	55	8	200	58	147	152	196	54	112	117	2	158	182	31	103	100	115
177	58	112	103	75	134	154	55	8	31	58	147	152	196	97	112	117	2	158	53	31	103	100	115	161
58	112	103	75	42	154	55	8	31	107	147	152	196	97	144	117	2	158	53	198	103	100	115	161	0
112	103	75	42	57	55	8	31	107	56	152	196	97	144	69	2	158	53	198	185	100	115	161	0	68
103	75	42	57	67	8	31	107	56	98	196	97	144	69	189	158	53	198	185	59	115	161	0	68	10
75	42	57	67	57	31	107	56	98	104	97	144	69	189	163	53	198	185	59	79	161	0	68	10	46
42	57	67	57	3	107	56	98	104	123	144	69	189	163	43	198	185	59	79	68	0	68	10	46	28
57	67	57	3	104	56	98	104	123	1	69	189	163	43	38	185	59	79	68	105	68	10	46	28	82
67	57	3	104	165	98	104	123	1	5	189	163	43	38	103	59	79	68	105	36	10	46	28	82	94
57	3	104	165	164	104	123	1	5	37	163	43	38	103	178	79	68	105	36	110	46	28	82	94	88
3	104	165	164	14	123	1	5	37	46	43	38	103	178	18	68	105	36	110	50	28	82	94	88	2
104	165	164	14	34	1	5	37	46	13	38	103	178	18	80	105	36	110	50	133	82	94	88	2	195
165	164	14	34	146	5	37	46	13	14	103	178	18	80	44	36	110	50	133	19	94	88	2	195	49
164	14	34	146	125	37	46	13	14	153	178	18	80	44	112	110	50	133	19	187	88	2	195	49	20
14	34	146	125	102	46	13	14	153	156	18	80	44	112	110	50	133	19	187	155	2	195	49	20	21
34	146	125	102	194	13	14	153	156	127	80	44	112	110	115	133	19	187	155	123	195	49	20	21	116
146	125	102	194	186	14	153	156	127	29	44	112	110	115	188	19	187	155	123	23	49	20	21	116	185
125	102	194	186	181	153	156	127	29	141	112	110	115	188	161	187	155	123	23	151	20	21	116	185	191
102	194	186	181	111	156	127	29	141	59	110	115	188	161	178	155	123	23	151	92	21	116	185	191	152
194	186	181	111	98	127	29	141	59	39	115	188	161	178	154	123	23	151	92	66	116	185	191	152	7
186	181	111	98	119	29	141	59	39	40	188	161	178	154	140	23	151	92	66	25	185	191	152	7	96
181	111	98	119	69	141	59	39	40	150	161	178	154	140	64	151	92	66	25	31	191	152	7	96	161
39	94	117	94	133	38	51	154	193	5	147	191	82	155	80	127	60	9	33	179	126	97	180	84	27
94	117	94	133	160	51	154	193	5	60	191	82	155	80	115	60	9	33	179	25	97	180	84	27	85
117	94	133	160	115	154	193	5	60	200	82	155	80	115	54	9	33	179	25	182	180	84	27	85	31
94	133	160	115	134	193	5	60	200	58	155	80	115	54	112	33	179	25	182	31	84	27	85	31	85
133	160	115	134	154	5	60	200	58	147	80	115	54	112	117	179	25	182	31	103	27	85	31	85	124
160	115	134	154	55	60	200	58	147	152	115	54	112	117	2	25	182	31	103	100	85	31	85	124	177
115	134	154	55	8	200	58	147	152	196	54	112	117	2	158	182	31	103	100	115	31	85	124	177	30
134	154	55	8	31	58	147	152	196	97	112	117	2	158	53	31	103	100	115	161	85	124	177	30	139
154	55	8	31	107	147	152	196	97	144	117	2	158	53	198	103	100	115	161	0	124	177	30	139	65
55	8	31	107	56	152	196	97	144	69	2	158	53	198	185	100	115	161	0	68	177	30	139	65	156
8	31	107	56	98	196	97	144	69	189	158	53	198	185	59	115	161	0	68	10	30	139	65	156	85
31	107	56	98	104	97	144	69	189	163	53	198	185	59	79	161	0	68	10	46	139	65	156	85	129
107	56	98	104	123	144	69	189	163	43	198	185	59	79	68	0	68	10	46	28	65	156	85	129	108
56	98	104	123	1	69	189	163	43	38	185	59	79	68	105	68	10	46	28	82	156	85	129	108	186
98	104	123	1	5	189	163	43	38	103	59	79	68	105	36	10	46	28	82	94	85	129	108	186	158
104	123	1	5	37	163	43	38	103	178	79	68	105	36	110	46	28	82	94	88	129	108	186	158	116
123	1	5	37	46	43	38	103	178	18	68	105	36	110	50	28	82	94	88	2	108	186	158	116	34
1	5	37	46	13	38	103	178	18	80	105	36	110	50	133	82	94	88	2	195	186	158	116	34	31
5	37	46	13	14	103	178	18	80	44	36	110	50	133	19	94	88	2	195	49	158	116	34	31	179
37	46	13	14	153	178	18	80	44	112	110	50	133	19	187	88	2	195	49	20	116	34	31	179	136
46	13	14	153	156	18	80	44	112	110	50	133	19	187	155	2	195	49	20	21	34	31	179	136	98
13	14	153	156	127	80	44	112	110	115	133	19	187	155	123	195	49	20	21	116	31	179	136	98	124
14	153	156	127	29	44	112	110	115	188	19	187	155	123	23	49	20	21	116	185	179	136	98	124	27
153	156	127	29	141	112	110	115	188	161	187	155	123	23	151	20	21	116	185	191	136	98	124	27	131
156	127	29	141	59	110	115	188	161	178	155	123	23	151	92	21	116	185	191	152	98	124	27	131	0
127	29	141	59	39	115	188	161	178	154	123	23	151	92	66	116	185	191	152	7	124	27	131	0	138
29	141	59	39	40	188	161	178	154	140	23	151	92	66	25	185	191	152	7	96	27	131	0	138	195
141	59	39	40	150	161	178	154	140	64	151	92	66	25	31	191	152	7	96	161	131	0	138	195	26
38	51	154	193	5	147	191	82	155	80	127	60	9	33	179	126	97	180	84	27	191	134	91	30	150
51	154	193	5	60	191	82	155	80	115	60	9	33	179	25	97	180	84	27	85	134	91	30	150	141
154	193	5	60	200	82	155	80	115	54	9	33	179	25	182	180	84	27	85	31	91	30	150	141	196
193	5	60	200	58	155	80	115	54	112	33	179	25	182	31	84	27	85	31	85	30	150	141	196	129
5	60	200	58	147	80	115	54	112	117	179	25	182	31	103	27	85	31	85	124	150	141	196	129	110
60	200	58	147	152	115	54	112	117	2	25	182	31	103	100	85	31	85	124	177	141	196	129	110	33
200	58	147	152	196	54	112	117	2	158	182	31	103	100	115	31	85	124	177	30	196	129	110	33	144
58	147	152	196	97	112	117	2	158	53	31	103	100	115	161	85	124	177	30	139	129	110	33	144	182
147	152	196	97	144	117	2	158	53	198	103	100	115	161	0	124	177	30	139	65	110	33	144	182	183
152	196	97	144	69	2	158	53	198	185	100	115	161	0	68	177	30	139	65	156	33	144	182	183	15
196	97	144	69	189	158	53	198	185	59	115	161	0	68	10	30	139	65	156	85	144	182	183	15	116
97	144	69	189	163	53	198	185	59	79	161	0	68	10	46	139	65	156	85	129	182	183	15	116	11
144	69	189	163	43	198	185	59	79	68	0	68	10	46	28	65	156	85	129	108	183	15	116	11	48
69	189	163	43	38	185	59	79	68	105	68	10	46	28	82	156	85	129	108	186	15	116	11	48	39
189	163	43	38	103	59	79	68	105	36	10	46	28	82	94	85	129	108	186	158	116	11	48	39	167
163	43	38	103	178	79	68	105	36	110	46	28	82	94	88	129	108	186	158	116	11	48	39	167	79
43	38	103	178	18	68	105	36	110	50	28	82	94	88	2	108	186	158	116	34	48	39	167	79	26
38	103	178	18	80	105	36	110	50	133	82	94	88	2	195	186	158	116	34	31	39	167	79	26	176
103	178	18	80	44	36	110	50	133	19	94	88	2	195	49	158	116	34	31	179	167	79	26	176	174
178	18	80	44	112	110	50	133	19	187	88	2	195	49	20	116	34	31	179	136	79	26	176	174	83
18	80	44	112	110	50	133	19	187	155	2	195	49	20	21	34	31	179	136	98	26	176	174	83	159
80	44	112	110	115	133	19	187	155	123	195	49	20	21	116	31	179	136	98	124	176	174	83	159	112
44	112	110	115	188	19	187	155	123	23	49	20	21	116	185	179	136	98	124	27	174	83	159	112	16
112	110	115	188	161	187	155	123	23	151	20	21	116	185	191	136	98	124	27	131	83	159	112	16	171
110	115	188	161	178	155	123	23	151	92	21	116	185	191	152	98	124	27	131	0	159	112	16	171	171
115	188	161	178	154	123	23	151	92	66	116	185	191	152	7	124	27	131	0	138	112	16	171	171	114
188	161	178	154	140	23	151	92	66	25	185	191	152	7	96	27	131	0	138	195	16	171	171	114	168
161	178	154	140	64	151	92	66	25	31	191	152	7	96	161	131	0	138	195	26	171	171	114	168	142
147	191	82	155	80	127	60	9	33	179	126	97	180	84	27	191	134	91	30	150	15	54	141	199	119
191	82	155	80	115	60	9	33	179	25	97	180	84	27	85	134	91	30	150	141	54	141	199	119	82
82	155	80	115	54	9	33	179	25	182	180	84	27	85	31	91	30	150	141	196	141	199	119	82	149
155	80	115	54	112	33	179	25	182	31	84	27	85	31	85	30	150	141	196	129	199	119	82	149	166
80	115	54	112	117	179	25	182	31	103	27	85	31	85	124	150	141	196	129	110	119	82	149	166	199
115	54	112	117	2	25	182	31	103	100	85	31	85	124	177	141	196	129	110	33	82	149	166	199	146
54	112	117	2	158	182	31	103	100	115	31	85	124	177	30	196	129	110	33	144	149	166	199	146	37
112	117	2	158	53	31	103	100	115	161	85	124	177	30	139	129	110	33	144	182	166	199	146	37	192
117	2	158	53	198	103	100	115	161	0	124	177	30	139	65	110	33	144	182	183	199	146	37	192	78
2	158	53	198	185	100	115	161	0	68	177	30	139	65	156	33	144	182	183	15	146	37	192	78	162
158	53	198	185	59	115	161	0	68	10	30	139	65	156	85	144	182	183	15	116	37	192	78	162	178
53	198	185	59	79	161	0	68	10	46	139	65	156	85	129	182	183	15	116	11	192	78	162	178	154
198	185	59	79	68	0	68	10	46	28	65	156	85	129	108	183	15	116	11	48	78	162	178	154	88
185	59	79	68	105	68	10	46	28	82	156	85	129	108	186	15	116	11	48	39	162	178	154	88	26
59	79	68	105	36	10	46	28	82	94	85	129	108	186	158	116	11	48	39	167	178	154	88	26	97
79	68	105	36	110	46	28	82	94	88	129	108	186	158	116	11	48	39	167	79	154	88	26	97	159
68	105	36	110	50	28	82	94	88	2	108	186	158	116	34	48	39	167	79	26	88	26	97	159	58
105	36	110	50	133	82	94	88	2	195	186	158	116	34	31	39	167	79	26	176	26	97	159	58	78
36	110	50	133	19	94	88	2	195	49	158	116	34	31	179	167	79	26	176	174	97	159	58	78	110
110	50	133	19	187	88	2	195	49	20	116	34	31	179	136	79	26	176	174	83	159	58	78	110	90
50	133	19	187	155	2	195	49	20	21	34	31	179	136	98	26	176	174	83	159	58	78	110	90	29
133	19	187	155	123	195	49	20	21	116	31	179	136	98	124	176	174	83	159	112	78	110	90	29	146
19	187	155	123	23	49	20	21	116	185	179	136	98	124	27	174	83	159	112	16	110	90	29	146	30
187	155	123	23	151	20	21	116	185	191	136	98	124	27	131	83	159	112	16	171	90	29	146	30	156
155	123	23	151	92	21	116	185	191	152	98	124	27	131	0	159	112	16	171	171	29	146	30	156	118
123	23	151	92	66	116	185	191	152	7	124	27	131	0	138	112	16	171	171	114	146	30	156	118	55
23	151	92	66	25	185	191	152	7	96	27	131	0	138	195	16	171	171	114	168	30	156	118	55	81
151	92	66	25	31	191	152	7	96	161	131	0	138	195	26	171	171	114	168	142	156	118	55	81	108
127	60	9	33	179	126	97	180	84	27	191	134	91	30	150	15	54	141	199	119	14	111	48	163	14
60	9	33	179	25	97	180	84	27	85	134	91	30	150	141	54	141	199	119	82	111	48	163	14	171
9	33	179	25	182	180	84	27	85	31	91	30	150	141	196	141	199	119	82	149	48	163	14	171	120
33	179	25	182	31	84	27	85	31	85	30	150	141	196	129	199	119	82	149	166	163	14	171	120	122
179	25	182	31	103	27	85	31	85	124	150	141	196	129	110	119	82	149	166	199	14	171	120	122	188
25	182	31	103	100	85	31	85	124	177	141	196	129	110	33	82	149	166	199	146	171	120	122	188	30
182	31	103	100	115	31	85	124	177	30	196	129	110	33	144	149	166	199	146	37	120	122	188	30	107
31	103	100	115	161	85	124	177	30	139	129	110	33	144	182	166	199	146	37	192	122	188	30	107	46
103	100	115	161	0	124	177	30	139	65	110	33	144	182	183	199	146	37	192	78	188	30	107	46	63
100	115	161	0	68	177	30	139	65	156	33	144	182	183	15	146	37	192	78	162	30	107	46	63	14
115	161	0	68	10	30	139	65	156	85	144	182	183	15	116	37	192	78	162	178	107	46	63	14	37
161	0	68	10	46	139	65	156	85	129	182	183	15	116	11	192	78	162	178	154	46	63	14	37	61
0	68	10	46	28	65	156	85	129	108	183	15	116	11	48	78	162	178	154	88	63	14	37	61	8
68	10	46	28	82	156	85	129	108	186	15	116	11	48	39	162	178	154	88	26	14	37	61	8	158
10	46	28	82	94	85	129	108	186	158	116	11	48	39	167	178	154	88	26	97	37	61	8	158	35
46	28	82	94	88	129	108	186	158	116	11	48	39	167	79	154	88	26	97	159	61	8	158	35	97
28	82	94	88	2	108	186	158	116	34	48	39	167	79	26	88	26	97	159	58	8	158	35	97	10
82	94	88	2	195	186	158	116	34	31	39	167	79	26	176	26	97	159	58	78	158	35	97	10	117
94	88	2	195	49	158	116	34	31	179	167	79	26	176	174	97	159	58	78	110	35	97	10	117	80
88	2	195	49	20	116	34	31	179	136	79	26	176	174	83	159	58	78	110	90	97	10	117	80	170
2	195	49	20	21	34	31	179	136	98	26	176	174	83	159	58	78	110	90	29	10	117	80	170	106
195	49	20	21	116	31	179	136	98	124	176	174	83	159	112	78	110	90	29	146	117	80	170	106	120
49	20	21	116	185	179	136	98	124	27	174	83	159	112	16	110	90	29	146	30	80	170	106	120	142
20	21	116	185	191	136	98	124	27	131	83	159	112	16	171	90	29	146	30	156	170	106	120	142	176
21	116	185	191	152	98	124	27	131	0	159	112	16	171	171	29	146	30	156	118	106	120	142	176	135
116	185	191	152	7	124	27	131	0	138	112	16	171	171	114	146	30	156	118	55	120	142	176	135	82
185	191	152	7	96	27	131	0	138	195	16	171	171	114	168	30	156	118	55	81	142	176	135	82	12
191	152	7	96	161	131	0	138	195	26	171	171	114	168	142	156	118	55	81	108	176	135	82	12	55
126	97	180	84	27	191	134	91	30	150	15	54	141	199	119	14	111	48	163	14	135	131	85	89	61
97	180	84	27	85	134	91	30	150	141	54	141	199	119	82	111	48	163	14	171	131	85	89	61	32
180	84	27	85	31	91	30	150	141	196	141	199	119	82	149	48	163	14	171	120	85	89	61	32	130
84	27	85	31	85	30	150	141	196	129	199	119	82	149	166	163	14	171	120	122	89	61	32	130	16
27	85	31	85	124	150	141	196	129	110	119	82	149	166	199	14	171	120	122	188	61	32	130	16	181
85	31	85	124	177	141	196	129	110	33	82	149	166	199	146	171	120	122	188	30	32	130	16	181	123
31	85	124	177	30	196	129	110	33	144	149	166	199	146	37	120	122	188	30	107	130	16	181	123	2
85	124	177	30	139	129	110	33	144	182	166	199	146	37	192	122	188	30	107	46	16	181	123	2	72
124	177	30	139	65	110	33	144	182	183	199	146	37	192	78	188	30	107	46	63	181	123	2	72	162
177	30	139	65	156	33	144	182	183	15	146	37	192	78	162	30	107	46	63	14	123	2	72	162	97
30	139	65	156	85	144	182	183	15	116	37	192	78	162	178	107	46	63	14	37	2	72	162	97	28
139	65	156	85	129	182	183	15	116	11	192	78	162	178	154	46	63	14	37	61	72	162	97	28	108
65	156	85	129	108	183	15	116	11	48	78	162	178	154	88	63	14	37	61	8	162	97	28	108	118
156	85	129	108	186	15	116	11	48	39	162	178	154	88	26	14	37	61	8	158	97	28	108	118	83
85	129	108	186	158	116	11	48	39	167	178	154	88	26	97	37	61	8	158	35	28	108	118	83	88
129	108	186	158	116	11	48	39	167	79	154	88	26	97	159	61	8	158	35	97	108	118	83	88	128
108	186	158	116	34	48	39	167	79	26	88	26	97	159	58	8	158	35	97	10	118	83	88	128	42
186	158	116	34	31	39	167	79	26	176	26	97	159	58	78	158	35	97	10	117	83	88	128	42	4
158	116	34	31	179	167	79	26	176	174	97	159	58	78	110	35	97	10	117	80	88	128	42	4	115
116	34	31	179	136	79	26	176	174	83	159	58	78	110	90	97	10	117	80	170	128	42	4	115	41
34	31	179	136	98	26	176	174	83	159	58	78	110	90	29	10	117	80	170	106	42	4	115	41	153
31	179	136	98	124	176	174	83	159	112	78	110	90	29	146	117	80	170	106	120	4	115	41	153	150
179	136	98	124	27	174	83	159	112	16	110	90	29	146	30	80	170	106	120	142	115	41	153	150	81
136	98	124	27	131	83	159	112	16	171	90	29	146	30	156	170	106	120	142	176	41	153	150	81	136
98	124	27	131	0	159	112	16	171	171	29	146	30	156	118	106	120	142	176	135	153	150	81	136	46
124	27	131	0	138	112	16	171	171	114	146	30	156	118	55	120	142	176	135	82	150	81	136	46	23
27	131	0	138	195	16	171	171	114	168	30	156	118	55	81	142	176	135	82	12	81	136	46	23	146
131	0	138	195	26	171	171	114	168	142	156	118	55	81	108	176	135	82	12	55	136	46	23	146	183
191	134	91	30	150	15	54	141	199	119	14	111	48	163	14	135	131	85	89	61	83	58	138	20	96
134	91	30	150	141	54	141	199	119	82	111	48	163	14	171	131	85	89	61	32	58	138	20	96	146
91	30	150	141	196	141	199	119	82	149	48	163	14	171	120	85	89	61	32	130	138	20	96	146	87
30	150	141	196	129	199	119	82	149	166	163	14	171	120	122	89	61	32	130	16	20	96	146	87	95
150	141	196	129	110	119	82	149	166	199	14	171	120	122	188	61	32	130	16	181	96	146	87	95	25
141	196	129	110	33	82	149	166	199	146	171	120	122	188	30	32	130	16	181	123	146	87	95	25	191
196	129	110	33	144	149	166	199	146	37	120	122	188	30	107	130	16	181	123	2	87	95	25	191	155
129	110	33	144	182	166	199	146	37	192	122	188	30	107	46	16	181	123	2	72	95	25	191	155	28
110	33	144	182	183	199	146	37	192	78	188	30	107	46	63	181	123	2	72	162	25	191	155	28	116
33	144	182	183	15	146	37	192	78	162	30	107	46	63	14	123	2	72	162	97	191	155	28	116	96
144	182	183	15	116	37	192	78	162	178	107	46	63	14	37	2	72	162	97	28	155	28	116	96	134
182	183	15	116	11	192	78	162	178	154	46	63	14	37	61	72	162	97	28	108	28	116	96	134	193
183	15	116	11	48	78	162	178	154	88	63	14	37	61	8	162	97	28	108	118	116	96	134	193	38
15	116	11	48	39	162	178	154	88	26	14	37	61	8	158	97	28	108	118	83	96	134	193	38	160
116	11	48	39	167	178	154	88	26	97	37	61	8	158	35	28	108	118	83	88	134	193	38	160	26
11	48	39	167	79	154	88	26	97	159	61	8	158	35	97	108	118	83	88	128	193	38	160	26	85
48	39	167	79	26	88	26	97	159	58	8	158	35	97	10	118	83	88	128	42	38	160	26	85	193
39	167	79	26	176	26	97	159	58	78	158	35	97	10	117	83	88	128	42	4	160	26	85	193	185
167	79	26	176	174	97	159	58	78	110	35	97	10	117	80	88	128	42	4	115	26	85	193	185	65
79	26	176	174	83	159	58	78	110	90	97	10	117	80	170	128	42	4	115	41	85	193	185	65	38
26	176	174	83	159	58	78	110	90	29	10	117	80	170	106	42	4	115	41	153	193	185	65	38	17
176	174	83	159	112	78	110	90	29	146	117	80	170	106	120	4	115	41	153	150	185	65	38	17	118
174	83	159	112	16	110	90	29	146	30	80	170	106	120	142	115	41	153	150	81	65	38	17	118	139
83	159	112	16	171	90	29	146	30	156	170	106	120	142	176	41	153	150	81	136	38	17	118	139	166
159	112	16	171	171	29	146	30	156	118	106	120	142	176	135	153	150	81	136	46	17	118	139	166	189
112	16	171	171	114	146	30	156	118	55	120	142	176	135	82	150	81	136	46	23	118	139	166	189	110
16	171	171	114	168	30	156	118	55	81	142	176	135	82	12	81	136	46	23	146	139	166	189	110	37
171	171	114	168	142	156	118	55	81	108	176	135	82	12	55	136	46	23	146	183	166	189	110	37	50
15	54	141	199	119	14	111	48	163	14	135	131	85	89	61	83	58	138	20	96	82	100	110	126	167
54	141	199	119	82	111	48	163	14	171	131	85	89	61	32	58	138	20	96	146	100	110	126	167	107
141	199	119	82	149	48	163	14	171	120	85	89	61	32	130	138	20	96	146	87	110	126	167	107	177
199	119	82	149	166	163	14	171	120	122	89	61	32	130	16	20	96	146	87	95	126	167	107	177	161
119	82	149	166	199	14	171	120	122	188	61	32	130	16	181	96	146	87	95	25	167	107	177	161	11
82	149	166	199	146	171	120	122	188	30	32	130	16	181	123	146	87	95	25	191	107	177	161	11	61
149	166	199	146	37	120	122	188	30	107	130	16	181	123	2	87	95	25	191	155	177	161	11	61	49
166	199	146	37	192	122	188	30	107	46	16	181	123	2	72	95	25	191	155	28	161	11	61	49	99
199	146	37	192	78	188	30	107	46	63	181	123	2	72	162	25	191	155	28	116	11	61	49	99	21
146	37	192	78	162	30	107	46	63	14	123	2	72	162	97	191	155	28	116	96	61	49	99	21	135
37	192	78	162	178	107	46	63	14	37	2	72	162	97	28	155	28	116	96	134	49	99	21	135	109
192	78	162	178	154	46	63	14	37	61	72	162	97	28	108	28	116	96	134	193	99	21	135	109	160
78	162	178	154	88	63	14	37	61	8	162	97	28	108	118	116	96	134	193	38	21	135	109	160	78
162	178	154	88	26	14	37	61	8	158	97	28	108	118	83	96	134	193	38	160	135	109	160	78	27
178	154	88	26	97	37	61	8	158	35	28	108	118	83	88	134	193	38	160	26	109	160	78	27	164
154	88	26	97	159	61	8	158	35	97	108	118	83	88	128	193	38	160	26	85	160	78	27	164	195
88	26	97	159	58	8	158	35	97	10	118	83	88	128	42	38	160	26	85	193	78	27	164	195	195
26	97	159	58	78	158	35	97	10	117	83	88	128	42	4	160	26	85	193	185	27	164	195	195	105
97	159	58	78	110	35	97	10	117	80	88	128	42	4	115	26	85	193	185	65	164	195	195	105	147
159	58	78	110	90	97	10	117	80	170	128	42	4	115	41	85	193	185	65	38	195	195	105	147	109
58	78	110	90	29	10	117	80	170	106	42	4	115	41	153	193	185	65	38	17	195	105	147	109	157
78	110	90	29	146	117	80	170	106	120	4	115	41	153	150	185	65	38	17	118	105	147	109	157	144
110	90	29	146	30	80	170	106	120	142	115	41	153	150	81	65	38	17	118	139	147	109	157	144	95
90	29	146	30	156	170	106	120	142	176	41	153	150	81	136	38	17	118	139	166	109	157	144	95	146
29	146	30	156	118	106	120	142	176	135	153	150	81	136	46	17	118	139	166	189	157	144	95	146	74
146	30	156	118	55	120	142	176	135	82	150	81	136	46	23	118	139	166	189	110	144	95	146	74	41
30	156	118	55	81	142	176	135	82	12	81	136	46	23	146	139	166	189	110	37	95	146	74	41	68
156	118	55	81	108	176	135	82	12	55	136	46	23	146	183	166	189	110	37	50	146	74	41	68	154
14	111	48	163	14	135	131	85	89	61	83	58	138	20	96	82	100	110	126	167	169	133	57	195	43
111	48	163	14	171	131	85	89	61	32	58	138	20	96	146	100	110	126	167	107	133	57	195	43	7
48	163	14	171	120	85	89	61	32	130	138	20	96	146	87	110	126	167	107	177	57	195	43	7	16
163	14	171	120	122	89	61	32	130	16	20	96	146	87	95	126	167	107	177	161	195	43	7	16	158
14	171	120	122	188	61	32	130	16	181	96	146	87	95	25	167	107	177	161	11	43	7	16	158	22
171	120	122	188	30	32	130	16	181	123	146	87	95	25	191	107	177	161	11	61	7	16	158	22	8
120	122	188	30	107	130	16	181	123	2	87	95	25	191	155	177	161	11	61	49	16	158	22	8	124
122	188	30	107	46	16	181	123	2	72	95	25	191	155	28	161	11	61	49	99	158	22	8	124	55
188	30	107	46	63	181	123	2	72	162	25	191	155	28	116	11	61	49	99	21	22	8	124	55	156
30	107	46	63	14	123	2	72	162	97	191	155	28	116	96	61	49	99	21	135	8	124	55	156	198
107	46	63	14	37	2	72	162	97	28	155	28	116	96	134	49	99	21	135	109	124	55	156	198	80
46	63	14	37	61	72	162	97	28	108	28	116	96	134	193	99	21	135	109	160	55	156	198	80	73
63	14	37	61	8	162	97	28	108	118	116	96	134	193	38	21	135	109	160	78	156	198	80	73	18
14	37	61	8	158	97	28	108	118	83	96	134	193	38	160	135	109	160	78	27	198	80	73	18	132
37	61	8	158	35	28	108	118	83	88	134	193	38	160	26	109	160	78	27	164	80	73	18	132	133
61	8	158	35	97	108	118	83	88	128	193	38	160	26	85	160	78	27	164	195	73	18	132	133	10
8	158	35	97	10	118	83	88	128	42	38	160	26	85	193	78	27	164	195	195	18	132	133	10	192
158	35	97	10	117	83	88	128	42	4	160	26	85	193	185	27	164	195	195	105	132	133	10	192	158
35	97	10	117	80	88	128	42	4	115	26	85	193	185	65	164	195	195	105	147	133	10	192	158	142
97	10	117	80	170	128	42	4	115	41	85	193	185	65	38	195	195	105	147	109	10	192	158	142	145
10	117	80	170	106	42	4	115	41	153	193	185	65	38	17	195	105	147	109	157	192	158	142	145	25
117	80	170	106	120	4	115	41	153	150	185	65	38	17	118	105	147	109	157	144	158	142	145	25	126
80	170	106	120	142	115	41	153	150	81	65	38	17	118	139	147	109	157	144	95	142	145	25	126	141
170	106	120	142	176	41	153	150	81	136	38	17	118	139	166	109	157	144	95	146	145	25	126	141	186
106	120	142	176	135	153	150	81	136	46	17	118	139	166	189	157	144	95	146	74	25	126	141	186	61
120	142	176	135	82	150	81	136	46	23	118	139	166	189	110	144	95	146	74	41	126	141	186	61	78
142	176	135	82	12	81	136	46	23	146	139	166	189	110	37	95	146	74	41	68	141	186	61	78	157
176	135	82	12	55	136	46	23	146	183	166	189	110	37	50	146	74	41	68	154	186	61	78	157	92
135	131	85	89	61	83	58	138	20	96	82	100	110	126	167	169	133	57	195	43	51	17	164	131	128
131	85	89	61	32	58	138	20	96	146	100	110	126	167	107	133	57	195	43	7	17	164	131	128	192
85	89	61	32	130	138	20	96	146	87	110	126	167	107	177	57	195	43	7	16	164	131	128	192	33
89	61	32	130	16	20	96	146	87	95	126	167	107	177	161	195	43	7	16	158	131	128	192	33	26
61	32	130	16	181	96	146	87	95	25	167	107	177	161	11	43	7	16	158	22	128	192	33	26	134
32	130	16	181	123	146	87	95	25	191	107	177	161	11	61	7	16	158	22	8	192	33	26	134	111
130	16	181	123	2	87	95	25	191	155	177	161	11	61	49	16	158	22	8	124	33	26	134	111	151
16	181	123	2	72	95	25	191	155	28	161	11	61	49	99	158	22	8	124	55	26	134	111	151	81
181	123	2	72	162	25	191	155	28	116	11	61	49	99	21	22	8	124	55	156	134	111	151	81	24
123	2	72	162	97	191	155	28	116	96	61	49	99	21	135	8	124	55	156	198	111	151	81	24	43
2	72	162	97	28	155	28	116	96	134	49	99	21	135	109	124	55	156	198	80	151	81	24	43	199
72	162	97	28	108	28	116	96	134	193	99	21	135	109	160	55	156	198	80	73	81	24	43	199	40
162	97	28	108	118	116	96	134	193	38	21	135	109	160	78	156	198	80	73	18	24	43	199	40	98
97	28	108	118	83	96	134	193	38	160	135	109	160	78	27	198	80	73	18	132	43	199	40	98	116
28	108	118	83	88	134	193	38	160	26	109	160	78	27	164	80	73	18	132	133	199	40	98	116	101
108	118	83	88	128	193	38	160	26	85	160	78	27	164	195	73	18	132	133	10	40	98	116	101	38
118	83	88	128	42	38	160	26	85	193	78	27	164	195	195	18	132	133	10	192	98	116	101	38	194
83	88	128	42	4	160	26	85	193	185	27	164	195	195	105	132	133	10	192	158	116	101	38	194	22
88	128	42	4	115	26	85	193	185	65	164	195	195	105	147	133	10	192	158	142	101	38	194	22	46
128	42	4	115	41	85	193	185	65	38	195	195	105	147	109	10	192	158	142	145	38	194	22	46	96
42	4	115	41	153	193	185	65	38	17	195	105	147	109	157	192	158	142	145	25	194	22	46	96	23
4	115	41	153	150	185	65	38	17	118	105	147	109	157	144	158	142	145	25	126	22	46	96	23	148
115	41	153	150	81	65	38	17	118	139	147	109	157	144	95	142	145	25	126	141	46	96	23	148	84
41	153	150	81	136	38	17	118	139	166	109	157	144	95	146	145	25	126	141	186	96	23	148	84	129
153	150	81	136	46	17	118	139	166	189	157	144	95	146	74	25	126	141	186	61	23	148	84	129	198
150	81	136	46	23	118	139	166	189	110	144	95	146	74	41	126	141	186	61	78	148	84	129	198	9
81	136	46	23	146	139	166	189	110	37	95	146	74	41	68	141	186	61	78	157	84	129	198	9	59
136	46	23	146	183	166	189	110	37	50	146	74	41	68	154	186	61	78	157	92	129	198	9	59	9
83	58	138	20	96	82	100	110	126	167	169	133	57	195	43	51	17	164	131	128	50	174	99	25	95
58	138	20	96	146	100	110	126	167	107	133	57	195	43	7	17	164	131	128	192	174	99	25	95	77
138	20	96	146	87	110	126	167	107	177	57	195	43	7	16	164	131	128	192	33	99	25	95	77	135
20	96	146	87	95	126	167	107	177	161	195	43	7	16	158	131	128	192	33	26	25	95	77	135	80
96	146	87	95	25	167	107	177	161	11	43	7	16	158	22	128	192	33	26	134	95	77	135	80	137
146	87	95	25	191	107	177	161	11	61	7	16	158	22	8	192	33	26	134	111	77	135	80	137	180
87	95	25	191	155	177	161	11	61	49	16	158	22	8	124	33	26	134	111	151	135	80	137	180	41
95	25	191	155	28	161	11	61	49	99	158	22	8	124	55	26	134	111	151	81	80	137	180	41	183
25	191	155	28	116	11	61	49	99	21	22	8	124	55	156	134	111	151	81	24	137	180	41	183	89
191	155	28	116	96	61	49	99	21	135	8	124	55	156	198	111	151	81	24	43	180	41	183	89	176
155	28	116	96	134	49	99	21	135	109	124	55	156	198	80	151	81	24	43	199	41	183	89	176	160
28	116	96	134	193	99	21	135	109	160	55	156	198	80	73	81	24	43	199	40	183	89	176	160	131
116	96	134	193	38	21	135	109	160	78	156	198	80	73	18	24	43	199	40	98	89	176	160	131	58
96	134	193	38	160	135	109	160	78	27	198	80	73	18	132	43	199	40	98	116	176	160	131	58	196
134	193	38	160	26	109	160	78	27	164	80	73	18	132	133	199	40	98	116	101	160	131	58	196	39
193	38	160	26	85	160	78	27	164	195	73	18	132	133	10	40	98	116	101	38	131	58	196	39	16
38	160	26	85	193	78	27	164	195	195	18	132	133	10	192	98	116	101	38	194	58	196	39	16	200
160	26	85	193	185	27	164	195	195	105	132	133	10	192	158	116	101	38	194	22	196	39	16	200	123
26	85	193	185	65	164	195	195	105	147	133	10	192	158	142	101	38	194	22	46	39	16	200	123	16
85	193	185	65	38	195	195	105	147	109	10	192	158	142	145	38	194	22	46	96	16	200	123	16	179
193	185	65	38	17	195	105	147	109	157	192	158	142	145	25	194	22	46	96	23	200	123	16	179	198
185	65	38	17	118	105	147	109	157	144	158	142	145	25	126	22	46	96	23	148	123	16	179	198	114
65	38	17	118	139	147	109	157	144	95	142	145	25	126	141	46	96	23	148	84	16	179	198	114	88
38	17	118	139	166	109	157	144	95	146	145	25	126	141	186	96	23	148	84	129	179	198	114	88	197
17	118	139	166	189	157	144	95	146	74	25	126	141	186	61	23	148	84	129	198	198	114	88	197	89
118	139	166	189	110	144	95	146	74	41	126	141	186	61	78	148	84	129	198	9	114	88	197	89	126
139	166	189	110	37	95	146	74	41	68	141	186	61	78	157	84	129	198	9	59	88	197	89	126	90
166	189	110	37	50	146	74	41	68	154	186	61	78	157	92	129	198	9	59	9	197	89	126	90	175
82	100	110	126	167	169	133	57	195	43	51	17	164	131	128	50	174	99	25	95	153	195	145	116	50
100	110	126	167	107	133	57	195	43	7	17	164	131	128	192	174	99	25	95	77	195	145	116	50	74
110	126	167	107	177	57	195	43	7	16	164	131	128	192	33	99	25	95	77	135	145	116	50	74	92
126	167	107	177	161	195	43	7	16	158	131	128	192	33	26	25	95	77	135	80	116	50	74	92	39
167	107	177	161	11	43	7	16	158	22	128	192	33	26	134	95	77	135	80	137	50	74	92	39	77
107	177	161	11	61	7	16	158	22	8	192	33	26	134	111	77	135	80	137	180	74	92	39	77	16
177	161	11	61	49	16	158	22	8	124	33	26	134	111	151	135	80	137	180	41	92	39	77	16	96
161	11	61	49	99	158	22	8	124	55	26	134	111	151	81	80	137	180	41	183	39	77	16	96	156
11	61	49	99	21	22	8	124	55	156	134	111	151	81	24	137	180	41	183	89	77	16	96	156	185
61	49	99	21	135	8	124	55	156	198	111	151	81	24	43	180	41	183	89	176	16	96	156	185	42
49	99	21	135	109	124	55	156	198	80	151	81	24	43	199	41	183	89	176	160	96	156	185	42	1
99	21	135	109	160	55	156	198	80	73	81	24	43	199	40	183	89	176	160	131	156	185	42	1	15
21	135	109	160	78	156	198	80	73	18	24	43	199	40	98	89	176	160	131	58	185	42	1	15	196
135	109	160	78	27	198	80	73	18	132	43	199	40	98	116	176	160	131	58	196	42	1	15	196	179
109	160	78	27	164	80	73	18	132	133	199	40	98	116	101	160	131	58	196	39	1	15	196	179	92
160	78	27	164	195	73	18	132	133	10	40	98	116	101	38	131	58	196	39	16	15	196	179	92	59
78	27	164	195	195	18	132	133	10	192	98	116	101	38	194	58	196	39	16	200	196	179	92	59	138
27	164	195	195	105	132	133	10	192	158	116	101	38	194	22	196	39	16	200	123	179	92	59	138	147
164	195	195	105	147	133	10	192	158	142	101	38	194	22	46	39	16	200	123	16	92	59	138	147	51
195	195	105	147	109	10	192	158	142	145	38	194	22	46	96	16	200	123	16	179	59	138	147	51	4
195	105	147	109	157	192	158	142	145	25	194	22	46	96	23	200	123	16	179	198	138	147	51	4	31
105	147	109	157	144	158	142	145	25	126	22	46	96	23	148	123	16	179	198	114	147	51	4	31	147
147	109	157	144	95	142	145	25	126	141	46	96	23	148	84	16	179	198	114	88	51	4	31	147	82
109	157	144	95	146	145	25	126	141	186	96	23	148	84	129	179	198	114	88	197	4	31	147	82	47
157	144	95	146	74	25	126	141	186	61	23	148	84	129	198	198	114	88	197	89	31	147	82	47	7
144	95	146	74	41	126	141	186	61	78	148	84	129	198	9	114	88	197	89	126	147	82	47	7	57
95	146	74	41	68	141	186	61	78	157	84	129	198	9	59	88	197	89	126	90	82	47	7	57	185
146	74	41	68	154	186	61	78	157	92	129	198	9	59	9	197	89	126	90	175	47	7	57	185	14
169	133	57	195	43	51	17	164	131	128	50	174	99	25	95	153	195	145	116	50	99	104	16	62	17
133	57	195	43	7	17	164	131	128	192	174	99	25	95	77	195	145	116	50	74	104	16	62	17	167
57	195	43	7	16	164	131	128	192	33	99	25	95	77	135	145	116	50	74	92	16	62	17	167	109
195	43	7	16	158	131	128	192	33	26	25	95	77	135	80	116	50	74	92	39	62	17	167	109	153
43	7	16	158	22	128	192	33	26	134	95	77	135	80	137	50	74	92	39	77	17	167	109	153	83
7	16	158	22	8	192	33	26	134	111	77	135	80	137	180	74	92	39	77	16	167	109	153	83	119
16	158	22	8	124	33	26	134	111	151	135	80	137	180	41	92	39	77	16	96	109	153	83	119	162
158	22	8	124	55	26	134	111	151	81	80	137	180	41	183	39	77	16	96	156	153	83	119	162	174
22	8	124	55	156	134	111	151	81	24	137	180	41	183	89	77	16	96	156	185	83	119	162	174	82
8	124	55	156	198	111	151	81	24	43	180	41	183	89	176	16	96	156	185	42	119	162	174	82	95
124	55	156	198	80	151	81	24	43	199	41	183	89	176	160	96	156	185	42	1	162	174	82	95	32
55	156	198	80	73	81	24	43	199	40	183	89	176	160	131	156	185	42	1	15	174	82	95	32	82
156	198	80	73	18	24	43	199	40	98	89	176	160	131	58	185	42	1	15	196	82	95	32	82	138
198	80	73	18	132	43	199	40	98	116	176	160	131	58	196	42	1	15	196	179	95	32	82	138	60
80	73	18	132	133	199	40	98	116	101	160	131	58	196	39	1	15	196	179	92	32	82	138	60	30
73	18	132	133	10	40	98	116	101	38	131	58	196	39	16	15	196	179	92	59	82	138	60	30	189
18	132	133	10	192	98	116	101	38	194	58	196	39	16	200	196	179	92	59	138	138	60	30	189	154
132	133	10	192	158	116	101	38	194	22	196	39	16	200	123	179	92	59	138	147	60	30	189	154	10
133	10	192	158	142	101	38	194	22	46	39	16	200	123	16	92	59	138	147	51	30	189	154	10	1
10	192	158	142	145	38	194	22	46	96	16	200	123	16	179	59	138	147	51	4	189	154	10	1	128
192	158	142	145	25	194	22	46	96	23	200	123	16	179	198	138	147	51	4	31	154	10	1	128	19
158	142	145	25	126	22	46	96	23	148	123	16	179	198	114	147	51	4	31	147	10	1	128	19	5
142	145	25	126	141	46	96	23	148	84	16	179	198	114	88	51	4	31	147	82	1	128	19	5	168
145	25	126	141	186	96	23	148	84	129	179	198	114	88	197	4	31	147	82	47	128	19	5	168	34
25	126	141	186	61	23	148	84	129	198	198	114	88	197	89	31	147	82	47	7	19	5	168	34	115
126	141	186	61	78	148	84	129	198	9	114	88	197	89	126	147	82	47	7	57	5	168	34	115	94
141	186	61	78	157	84	129	198	9	59	88	197	89	126	90	82	47	7	57	185	168	34	115	94	115
186	61	78	157	92	129	198	9	59	9	197	89	126	90	175	47	7	57	185	14	34	115	94	115	116
51	17	164	131	128	50	174	99	25	95	153	195	145	116	50	99	104	16	62	17	98	31	78	196	72
17	164	131	128	192	174	99	25	95	77	195	145	116	50	74	104	16	62	17	167	31	78	196	72	54
164	131	128	192	33	99	25	95	77	135	145	116	50	74	92	16	62	17	167	109	78	196	72	54	26
131	128	192	33	26	25	95	77	135	80	116	50	74	92	39	62	17	167	109	153	196	72	54	26	190
128	192	33	26	134	95	77	135	80	137	50	74	92	39	77	17	167	109	153	83	72	54	26	190	64
192	33	26	134	111	77	135	80	137	180	74	92	39	77	16	167	109	153	83	119	54	26	190	64	184
33	26	134	111	151	135	80	137	180	41	92	39	77	16	96	109	153	83	119	162	26	190	64	184	157
26	134	111	151	81	80	137	180	41	183	39	77	16	96	156	153	83	119	162	174	190	64	184	157	74
134	111	151	81	24	137	180	41	183	89	77	16	96	156	185	83	119	162	174	82	64	184	157	74	47
111	151	81	24	43	180	41	183	89	176	16	96	156	185	42	119	162	174	82	95	184	157	74	47	94
151	81	24	43	199	41	183	89	176	160	96	156	185	42	1	162	174	82	95	32	157	74	47	94	156
81	24	43	199	40	183	89	176	160	131	156	185	42	1	15	174	82	95	32	82	74	47	94	156	177
24	43	199	40	98	89	176	160	131	58	185	42	1	15	196	82	95	32	82	138	47	94	156	177	178
43	199	40	98	116	176	160	131	58	196	42	1	15	196	179	95	32	82	138	60	94	156	177	178	200
199	40	98	116	101	160	131	58	196	39	1	15	196	179	92	32	82	138	60	30	156	177	178	200	166
40	98	116	101	38	131	58	196	39	16	15	196	179	92	59	82	138	60	30	189	177	178	200	166	7
98	116	101	38	194	58	196	39	16	200	196	179	92	59	138	138	60	30	189	154	178	200	166	7	130
116	101	38	194	22	196	39	16	200	123	179	92	59	138	147	60	30	189	154	10	200	166	7	130	49
101	38	194	22	46	39	16	200	123	16	92	59	138	147	51	30	189	154	10	1	166	7	130	49	175
38	194	22	46	96	16	200	123	16	179	59	138	147	51	4	189	154	10	1	128	7	130	49	175	67
194	22	46	96	23	200	123	16	179	198	138	147	51	4	31	154	10	1	128	19	130	49	175	67	27
22	46	96	23	148	123	16	179	198	114	147	51	4	31	147	10	1	128	19	5	49	175	67	27	122
46	96	23	148	84	16	179	198	114	88	51	4	31	147	82	1	128	19	5	168	175	67	27	122	33
96	23	148	84	129	179	198	114	88	197	4	31	147	82	47	128	19	5	168	34	67	27	122	33	114
23	148	84	129	198	198	114	88	197	89	31	147	82	47	7	19	5	168	34	115	27	122	33	114	43
148	84	129	198	9	114	88	197	89	126	147	82	47	7	57	5	168	34	115	94	122	33	114	43	25
84	129	198	9	59	88	197	89	126	90	82	47	7	57	185	168	34	115	94	115	33	114	43	25	46
129	198	9	59	9	197	89	126	90	175	47	7	57	185	14	34	115	94	115	116	114	43	25	46	199
50	174	99	25	95	153	195	145	116	50	99	104	16	62	17	98	31	78	196	72	177	171	25	179	185
174	99	25	95	77	195	145	116	50	74	104	16	62	17	167	31	78	196	72	54	171	25	179	185	152
99	25	95	77	135	145	116	50	74	92	16	62	17	167	109	78	196	72	54	26	25	179	185	152	163
25	95	77	135	80	116	50	74	92	39	62	17	167	109	153	196	72	54	26	190	179	185	152	163	90
95	77	135	80	137	50	74	92	39	77	17	167	109	153	83	72	54	26	190	64	185	152	163	90	90
77	135	80	137	180	74	92	39	77	16	167	109	153	83	119	54	26	190	64	184	152	163	90	90	66
135	80	137	180	41	92	39	77	16	96	109	153	83	119	162	26	190	64	184	157	163	90	90	66	63
80	137	180	41	183	39	77	16	96	156	153	83	119	162	174	190	64	184	157	74	90	90	66	63	30
137	180	41	183	89	77	16	96	156	185	83	119	162	174	82	64	184	157	74	47	90	66	63	30	174
180	41	183	89	176	16	96	156	185	42	119	162	174	82	95	184	157	74	47	94	66	63	30	174	17
41	183	89	176	160	96	156	185	42	1	162	174	82	95	32	157	74	47	94	156	63	30	174	17	73
183	89	176	160	131	156	185	42	1	15	174	82	95	32	82	74	47	94	156	177	30	174	17	73	107
89	176	160	131	58	185	42	1	15	196	82	95	32	82	138	47	94	156	177	178	174	17	73	107	158
176	160	131	58	196	42	1	15	196	179	95	32	82	138	60	94	156	177	178	200	17	73	107	158	117
160	131	58	196	39	1	15	196	179	92	32	82	138	60	30	156	177	178	200	166	73	107	158	117	135
131	58	196	39	16	15	196	179	92	59	82	138	60	30	189	177	178	200	166	7	107	158	117	135	163
58	196	39	16	200	196	179	92	59	138	138	60	30	189	154	178	200	166	7	130	158	117	135	163	146
196	39	16	200	123	179	92	59	138	147	60	30	189	154	10	200	166	7	130	49	117	135	163	146	170
39	16	200	123	16	92	59	138	147	51	30	189	154	10	1	166	7	130	49	175	135	163	146	170	190
16	200	123	16	179	59	138	147	51	4	189	154	10	1	128	7	130	49	175	67	163	146	170	190	74
200	123	16	179	198	138	147	51	4	31	154	10	1	128	19	130	49	175	67	27	146	170	190	74	20
123	16	179	198	114	147	51	4	31	147	10	1	128	19	5	49	175	67	27	122	170	190	74	20	151
16	179	198	114	88	51	4	31	147	82	1	128	19	5	168	175	67	27	122	33	190	74	20	151	175
179	198	114	88	197	4	31	147	82	47	128	19	5	168	34	67	27	122	33	114	74	20	151	175	14
198	114	88	197	89	31	147	82	47	7	19	5	168	34	115	27	122	33	114	43	20	151	175	14	190
114	88	197	89	126	147	82	47	7	57	5	168	34	115	94	122	33	114	43	25	151	175	14	190	102
88	197	89	126	90	82	47	7	57	185	168	34	115	94	115	33	114	43	25	46	175	14	190	102	143
197	89	126	90	175	47	7	57	185	14	34	115	94	115	116	114	43	25	46	199	14	190	102	143	33
153	195	145	116	50	99	104	16	62	17	98	31	78	196	72	177	171	25	179	185	27	98	188	121	4
195	145	116	50	74	104	16	62	17	167	31	78	196	72	54	171	25	179	185	152	98	188	121	4	124
145	116	50	74	92	16	62	17	167	109	78	196	72	54	26	25	179	185	152	163	188	121	4	124	43
116	50	74	92	39	62	17	167	109	153	196	72	54	26	190	179	185	152	163	90	121	4	124	43	44
50	74	92	39	77	17	167	109	153	83	72	54	26	190	64	185	152	163	90	90	4	124	43	44	170
74	92	39	77	16	167	109	153	83	119	54	26	190	64	184	152	163	90	90	66	124	43	44	170	4
92	39	77	16	96	109	153	83	119	162	26	190	64	184	157	163	90	90	66	63	43	44	170	4	118
39	77	16	96	156	153	83	119	162	174	190	64	184	157	74	90	90	66	63	30	44	170	4	118	96
77	16	96	156	185	83	119	162	174	82	64	184	157	74	47	90	66	63	30	174	170	4	118	96	100
16	96	156	185	42	119	162	174	82	95	184	157	74	47	94	66	63	30	174	17	4	118	96	100	149
96	156	185	42	1	162	174	82	95	32	157	74	47	94	156	63	30	174	17	73	118	96	100	149	104
156	185	42	1	15	174	82	95	32	82	74	47	94	156	177	30	174	17	73	107	96	100	149	104	162
185	42	1	15	196	82	95	32	82	138	47	94	156	177	178	174	17	73	107	158	100	149	104	162	168
42	1	15	196	179	95	32	82	138	60	94	156	177	178	200	17	73	107	158	117	149	104	162	168	151
1	15	196	179	92	32	82	138	60	30	156	177	178	200	166	73	107	158	117	135	104	162	168	151	33
15	196	179	92	59	82	138	60	30	189	177	178	200	166	7	107	158	117	135	163	162	168	151	33	45
196	179	92	59	138	138	60	30	189	154	178	200	166	7	130	158	117	135	163	146	168	151	33	45	142
179	92	59	138	147	60	30	189	154	10	200	166	7	130	49	117	135	163	146	170	151	33	45	142	96
92	59	138	147	51	30	189	154	10	1	166	7	130	49	175	135	163	146	170	190	33	45	142	96	82
59	138	147	51	4	189	154	10	1	128	7	130	49	175	67	163	146	170	190	74	45	142	96	82	162
138	147	51	4	31	154	10	1	128	19	130	49	175	67	27	146	170	190	74	20	142	96	82	162	28
147	51	4	31	147	10	1	128	19	5	49	175	67	27	122	170	190	74	20	151	96	82	162	28	13
51	4	31	147	82	1	128	19	5	168	175	67	27	122	33	190	74	20	151	175	82	162	28	13	47
4	31	147	82	47	128	19	5	168	34	67	27	122	33	114	74	20	151	175	14	162	28	13	47	94
31	147	82	47	7	19	5	168	34	115	27	122	33	114	43	20	151	175	14	190	28	13	47	94	76
147	82	47	7	57	5	168	34	115	94	122	33	114	43	25	151	175	14	190	102	13	47	94	76	33
82	47	7	57	185	168	34	115	94	115	33	114	43	25	46	175	14	190	102	143	47	94	76	33	31
47	7	57	185	14	34	115	94	115	116	114	43	25	46	199	14	190	102	143	33	94	76	33	31	187
99	104	16	62	17	98	31	78	196	72	177	171	25	179	185	27	98	188	121	4	26	20	67	52	197
104	16	62	17	167	31	78	196	72	54	171	25	179	185	152	98	188	121	4	124	20	67	52	197	19
16	62	17	167	109	78	196	72	54	26	25	179	185	152	163	188	121	4	124	43	67	52	197	19	5
62	17	167	109	153	196	72	54	26	190	179	185	152	163	90	121	4	124	43	44	52	197	19	5	103
17	167	109	153	83	72	54	26	190	64	185	152	163	90	90	4	124	43	44	170	197	19	5	103	163
167	109	153	83	119	54	26	190	64	184	152	163	90	90	66	124	43	44	170	4	19	5	103	163	129
109	153	83	119	162	26	190	64	184	157	163	90	90	66	63	43	44	170	4	118	5	103	163	129	168
153	83	119	162	174	190	64	184	157	74	90	90	66	63	30	44	170	4	118	96	103	163	129	168	52
83	119	162	174	82	64	184	157	74	47	90	66	63	30	174	170	4	118	96	100	163	129	168	52	5
119	162	174	82	95	184	157	74	47	94	66	63	30	174	17	4	118	96	100	149	129	168	52	5	16
162	174	82	95	32	157	74	47	94	156	63	30	174	17	73	118	96	100	149	104	168	52	5	16	187
174	82	95	32	82	74	47	94	156	177	30	174	17	73	107	96	100	149	104	162	52	5	16	187	77
82	95	32	82	138	47	94	156	177	178	174	17	73	107	158	100	149	104	162	168	5	16	187	77	128
95	32	82	138	60	94	156	177	178	200	17	73	107	158	117	149	104	162	168	151	16	187	77	128	64
32	82	138	60	30	156	177	178	200	166	73	107	158	117	135	104	162	168	151	33	187	77	128	64	91
82	138	60	30	189	177	178	200	166	7	107	158	117	135	163	162	168	151	33	45	77	128	64	91	182
138	60	30	189	154	178	200	166	7	130	158	117	135	163	146	168	151	33	45	142	128	64	91	182	158
60	30	189	154	10	200	166	7	130	49	117	135	163	146	170	151	33	45	142	96	64	91	182	158	47
30	189	154	10	1	166	7	130	49	175	135	163	146	170	190	33	45	142	96	82	91	182	158	47	112
189	154	10	1	128	7	130	49	175	67	163	146	170	190	74	45	142	96	82	162	182	158	47	112	55
154	10	1	128	19	130	49	175	67	27	146	170	190	74	20	142	96	82	162	28	158	47	112	55	16
10	1	128	19	5	49	175	67	27	122	170	190	74	20	151	96	82	162	28	13	47	112	55	16	145
1	128	19	5	168	175	67	27	122	33	190	74	20	151	175	82	162	28	13	47	112	55	16	145	36
128	19	5	168	34	67	27	122	33	114	74	20	151	175	14	162	28	13	47	94	55	16	145	36	54
19	5	168	34	115	27	122	33	114	43	20	151	175	14	190	28	13	47	94	76	16	145	36	54	144
5	168	34	115	94	122	33	114	43	25	151	175	14	190	102	13	47	94	76	33	145	36	54	144	70
168	34	115	94	115	33	114	43	25	46	175	14	190	102	143	47	94	76	33	31	36	54	144	70	102
34	115	94	115	116	114	43	25	46	199	14	190	102	143	33	94	76	33	31	187	54	144	70	102	38
98	31	78	196	72	177	171	25	179	185	27	98	188	121	4	26	20	67	52	197	141	173	129	78	156
31	78	196	72	54	171	25	179	185	152	98	188	121	4	124	20	67	52	197	19	173	129	78	156	89
78	196	72	54	26	25	179	185	152	163	188	121	4	124	43	67	52	197	19	5	129	78	156	89	82
196	72	54	26	190	179	185	152	163	90	121	4	124	43	44	52	197	19	5	103	78	156	89	82	185
72	54	26	190	64	185	152	163	90	90	4	124	43	44	170	197	19	5	103	163	156	89	82	185	55
54	26	190	64	184	152	163	90	90	66	124	43	44	170	4	19	5	103	163	129	89	82	185	55	97
26	190	64	184	157	163	90	90	66	63	43	44	170	4	118	5	103	163	129	168	82	185	55	97	85
190	64	184	157	74	90	90	66	63	30	44	170	4	118	96	103	163	129	168	52	185	55	97	85	83
64	184	157	74	47	90	66	63	30	174	170	4	118	96	100	163	129	168	52	5	55	97	85	83	148
184	157	74	47	94	66	63	30	174	17	4	118	96	100	149	129	168	52	5	16	97	85	83	148	175
157	74	47	94	156	63	30	174	17	73	118	96	100	149	104	168	52	5	16	187	85	83	148	175	55
74	47	94	156	177	30	174	17	73	107	96	100	149	104	162	52	5	16	187	77	83	148	175	55	44
47	94	156	177	178	174	17	73	107	158	100	149	104	162	168	5	16	187	77	128	148	175	55	44	188
94	156	177	178	200	17	73	107	158	117	149	104	162	168	151	16	187	77	128	64	175	55	44	188	61
156	177	178	200	166	73	107	158	117	135	104	162	168	151	33	187	77	128	64	91	55	44	188	61	24
177	178	200	166	7	107	158	117	135	163	162	168	151	33	45	77	128	64	91	182	44	188	61	24	98
178	200	166	7	130	158	117	135	163	146	168	151	33	45	142	128	64	91	182	158	188	61	24	98	134
200	166	7	130	49	117	135	163	146	170	151	33	45	142	96	64	91	182	158	47	61	24	98	134	164
166	7	130	49	175	135	163	146	170	190	33	45	142	96	82	91	182	158	47	112	24	98	134	164	67
7	130	49	175	67	163	146	170	190	74	45	142	96	82	162	182	158	47	112	55	98	134	164	67	62
130	49	175	67	27	146	170	190	74	20	142	96	82	162	28	158	47	112	55	16	134	164	67	62	178
49	175	67	27	122	170	190	74	20	151	96	82	162	28	13	47	112	55	16	145	164	67	62	178	1
175	67	27	122	33	190	74	20	151	175	82	162	28	13	47	112	55	16	145	36	67	62	178	1	40
67	27	122	33	114	74	20	151	175	14	162	28	13	47	94	55	16	145	36	54	62	178	1	40	104
27	122	33	114	43	20	151	175	14	190	28	13	47	94	76	16	145	36	54	144	178	1	40	104	24
122	33	114	43	25	151	175	14	190	102	13	47	94	76	33	145	36	54	144	70	1	40	104	24	1
33	114	43	25	46	175	14	190	102	143	47	94	76	33	31	36	54	144	70	102	40	104	24	1	171
114	43	25	46	199	14	190	102	143	33	94	76	33	31	187	54	144	70	102	38	104	24	1	171	75
177	171	25	179	185	27	98	188	121	4	26	20	67	52	197	141	173	129	78	156	75	77	44	192	111
171	25	179	185	152	98	188	121	4	124	20	67	52	197	19	173	129	78	156	89	77	44	192	111	173
25	179	185	152	163	188	121	4	124	43	67	52	197	19	5	129	78	156	89	82	44	192	111	173	156
179	185	152	163	90	121	4	124	43	44	52	197	19	5	103	78	156	89	82	185	192	111	173	156	142
185	152	163	90	90	4	124	43	44	170	197	19	5	103	163	156	89	82	185	55	111	173	156	142	36
152	163	90	90	66	124	43	44	170	4	19	5	103	163	129	89	82	185	55	97	173	156	142	36	178
163	90	90	66	63	43	44	170	4	118	5	103	163	129	168	82	185	55	97	85	156	142	36	178	35
90	90	66	63	30	44	170	4	118	96	103	163	129	168	52	185	55	97	85	83	142	36	178	35	9
90	66	63	30	174	170	4	118	96	100	163	129	168	52	5	55	97	85	83	148	36	178	35	9	8
66	63	30	174	17	4	118	96	100	149	129	168	52	5	16	97	85	83	148	175	178	35	9	8	139
63	30	174	17	73	118	96	100	149	104	168	52	5	16	187	85	83	148	175	55	35	9	8	139	6
30	174	17	73	107	96	100	149	104	162	52	5	16	187	77	83	148	175	55	44	9	8	139	6	199
174	17	73	107	158	100	149	104	162	168	5	16	187	77	128	148	175	55	44	188	8	139	6	199	148
17	73	107	158	117	149	104	162	168	151	16	187	77	128	64	175	55	44	188	61	139	6	199	148	173
73	107	158	117	135	104	162	168	151	33	187	77	128	64	91	55	44	188	61	24	6	199	148	173	122
107	158	117	135	163	162	168	151	33	45	77	128	64	91	182	44	188	61	24	98	199	148	173	122	86
158	117	135	163	146	168	151	33	45	142	128	64	91	182	158	188	61	24	98	134	148	173	122	86	150
117	135	163	146	170	151	33	45	142	96	64	91	182	158	47	61	24	98	134	164	173	122	86	150	114
135	163	146	170	190	33	45	142	96	82	91	182	158	47	112	24	98	134	164	67	122	86	150	114	97
163	146	170	190	74	45	142	96	82	162	182	158	47	112	55	98	134	164	67	62	86	150	114	97	113
146	170	190	74	20	142	96	82	162	28	158	47	112	55	16	134	164	67	62	178	150	114	97	113	24
170	190	74	20	151	96	82	162	28	13	47	112	55	16	145	164	67	62	178	1	114	97	113	24	149
190	74	20	151	175	82	162	28	13	47	112	55	16	145	36	67	62	178	1	40	97	113	24	149	34
74	20	151	175	14	162	28	13	47	94	55	16	145	36	54	62	178	1	40	104	113	24	149	34	24
20	151	175	14	190	28	13	47	94	76	16	145	36	54	144	178	1	40	104	24	24	149	34	24	163
151	175	14	190	102	13	47	94	76	33	145	36	54	144	70	1	40	104	24	1	149	34	24	163	118
175	14	190	102	143	47	94	76	33	31	36	54	144	70	102	40	104	24	1	171	34	24	163	118	87
14	190	102	143	33	94	76	33	31	187	54	144	70	102	38	104	24	1	171	75	24	163	118	87	17
27	98	188	121	4	26	20	67	52	197	141	173	129	78	156	75	77	44	192	111	74	154	126	147	26
98	188	121	4	124	20	67	52	197	19	173	129	78	156	89	77	44	192	111	173	154	126	147	26	46
188	121	4	124	43	67	52	197	19	5	129	78	156	89	82	44	192	111	173	156	126	147	26	46	99
121	4	124	43	44	52	197	19	5	103	78	156	89	82	185	192	111	173	156	142	147	26	46	99	34
4	124	43	44	170	197	19	5	103	163	156	89	82	185	55	111	173	156	142	36	26	46	99	34	62
124	43	44	170	4	19	5	103	163	129	89	82	185	55	97	173	156	142	36	178	46	99	34	62	194
43	44	170	4	118	5	103	163	129	168	82	185	55	97	85	156	142	36	178	35	99	34	62	194	110
44	170	4	118	96	103	163	129	168	52	185	55	97	85	83	142	36	178	35	9	34	62	194	110	125
170	4	118	96	100	163	129	168	52	5	55	97	85	83	148	36	178	35	9	8	62	194	110	125	73
4	118	96	100	149	129	168	52	5	16	97	85	83	148	175	178	35	9	8	139	194	110	125	73	123
118	96	100	149	104	168	52	5	16	187	85	83	148	175	55	35	9	8	139	6	110	125	73	123	143
96	100	149	104	162	52	5	16	187	77	83	148	175	55	44	9	8	139	6	199	125	73	123	143	128
100	149	104	162	168	5	16	187	77	128	148	175	55	44	188	8	139	6	199	148	73	123	143	128	163
149	104	162	168	151	16	187	77	128	64	175	55	44	188	61	139	6	199	148	173	123	143	128	163	8
104	162	168	151	33	187	77	128	64	91	55	44	188	61	24	6	199	148	173	122	143	128	163	8	132
162	168	151	33	45	77	128	64	91	182	44	188	61	24	98	199	148	173	122	86	128	163	8	132	124
168	151	33	45	142	128	64	91	182	158	188	61	24	98	134	148	173	122	86	150	163	8	132	124	136
151	33	45	142	96	64	91	182	158	47	61	24	98	134	164	173	122	86	150	114	8	132	124	136	93
33	45	142	96	82	91	182	158	47	112	24	98	134	164	67	122	86	150	114	97	132	124	136	93	143
45	142	96	82	162	182	158	47	112	55	98	134	164	67	62	86	150	114	97	113	124	136	93	143	157
142	96	82	162	28	158	47	112	55	16	134	164	67	62	178	150	114	97	113	24	136	93	143	157	182
96	82	162	28	13	47	112	55	16	145	164	67	62	178	1	114	97	113	24	149	93	143	157	182	9
82	162	28	13	47	112	55	16	145	36	67	62	178	1	40	97	113	24	149	34	143	157	182	9	101
162	28	13	47	94	55	16	145	36	54	62	178	1	40	104	113	24	149	34	24	157	182	9	101	64
28	13	47	94	76	16	145	36	54	144	178	1	40	104	24	24	149	34	24	163	182	9	101	64	102
13	47	94	76	33	145	36	54	144	70	1	40	104	24	1	149	34	24	163	118	9	101	64	102	49
47	94	76	33	31	36	54	144	70	102	40	104	24	1	171	34	24	163	118	87	101	64	102	49	8
94	76	33	31	187	54	144	70	102	38	104	24	1	171	75	24	163	118	87	17	64	102	49	8	164
26	20	67	52	197	141	173	129	78	156	75	77	44	192	111	74	154	126	147	26	165	24	33	57	162
20	67	52	197	19	173	129	78	156	89	77	44	192	111	173	154	126	147	26	46	24	33	57	162	148
67	52	197	19	5	129	78	156	89	82	44	192	111	173	156	126	147	26	46	99	33	57	162	148	38
52	197	19	5	103	78	156	89	82	185	192	111	173	156	142	147	26	46	99	34	57	162	148	38	108
197	19	5	103	163	156	89	82	185	55	111	173	156	142	36	26	46	99	34	62	162	148	38	108	144
19	5	103	163	129	89	82	185	55	97	173	156	142	36	178	46	99	34	62	194	148	38	108	144	94
5	103	163	129	168	82	185	55	97	85	156	142	36	178	35	99	34	62	194	110	38	108	144	94	164
103	163	129	168	52	185	55	97	85	83	142	36	178	35	9	34	62	194	110	125	108	144	94	164	157
163	129	168	52	5	55	97	85	83	148	36	178	35	9	8	62	194	110	125	73	144	94	164	157	177
129	168	52	5	16	97	85	83	148	175	178	35	9	8	139	194	110	125	73	123	94	164	157	177	136
168	52	5	16	187	85	83	148	175	55	35	9	8	139	6	110	125	73	123	143	164	157	177	136	127
52	5	16	187	77	83	148	175	55	44	9	8	139	6	199	125	73	123	143	128	157	177	136	127	9
5	16	187	77	128	148	175	55	44	188	8	139	6	199	148	73	123	143	128	163	177	136	127	9	143
16	187	77	128	64	175	55	44	188	61	139	6	199	148	173	123	143	128	163	8	136	127	9	143	65
187	77	128	64	91	55	44	188	61	24	6	199	148	173	122	143	128	163	8	132	127	9	143	65	181
77	128	64	91	182	44	188	61	24	98	199	148	173	122	86	128	163	8	132	124	9	143	65	181	67
128	64	91	182	158	188	61	24	98	134	148	173	122	86	150	163	8	132	124	136	143	65	181	67	152
64	91	182	158	47	61	24	98	134	164	173	122	86	150	114	8	132	124	136	93	65	181	67	152	60
91	182	158	47	112	24	98	134	164	67	122	86	150	114	97	132	124	136	93	143	181	67	152	60	158
182	158	47	112	55	98	134	164	67	62	86	150	114	97	113	124	136	93	143	157	67	152	60	158	120
158	47	112	55	16	134	164	67	62	178	150	114	97	113	24	136	93	143	157	182	152	60	158	120	22
47	112	55	16	145	164	67	62	178	1	114	97	113	24	149	93	143	157	182	9	60	158	120	22	199
112	55	16	145	36	67	62	178	1	40	97	113	24	149	34	143	157	182	9	101	158	120	22	199	144
55	16	145	36	54	62	178	1	40	104	113	24	149	34	24	157	182	9	101	64	120	22	199	144	44
16	145	36	54	144	178	1	40	104	24	24	149	34	24	163	182	9	101	64	102	22	199	144	44	137
145	36	54	144	70	1	40	104	24	1	149	34	24	163	118	9	101	64	102	49	199	144	44	137	181
36	54	144	70	102	40	104	24	1	171	34	24	163	118	87	101	64	102	49	8	144	44	137	181	144
54	144	70	102	38	104	24	1	171	75	24	163	118	87	17	64	102	49	8	164	44	137	181	144	22
141	173	129	78	156	75	77	44	192	111	74	154	126	147	26	165	24	33	57	162	43	71	172	68	33
173	129	78	156	89	77	44	192	111	173	154	126	147	26	46	24	33	57	162	148	71	172	68	33	96
129	78	156	89	82	44	192	111	173	156	126	147	26	46	99	33	57	162	148	38	172	68	33	96	184
78	156	89	82	185	192	111	173	156	142	147	26	46	99	34	57	162	148	38	108	68	33	96	184	7
156	89	82	185	55	111	173	156	142	36	26	46	99	34	62	162	148	38	108	144	33	96	184	7	157
89	82	185	55	97	173	156	142	36	178	46	99	34	62	194	148	38	108	144	94	96	184	7	157	27
82	185	55	97	85	156	142	36	178	35	99	34	62	194	110	38	108	144	94	164	184	7	157	27	77
185	55	97	85	83	142	36	178	35	9	34	62	194	110	125	108	144	94	164	157	7	157	27	77	175
55	97	85	83	148	36	178	35	9	8	62	194	110	125	73	144	94	164	157	177	157	27	77	175	66
97	85	83	148	175	178	35	9	8	139	194	110	125	73	123	94	164	157	177	136	27	77	175	66	122
85	83	148	175	55	35	9	8	139	6	110	125	73	123	143	164	157	177	136	127	77	175	66	122	78
83	148	175	55	44	9	8	139	6	199	125	73	123	143	128	157	177	136	127	9	175	66	122	78	86
148	175	55	44	188	8	139	6	199	148	73	123	143	128	163	177	136	127	9	143	66	122	78	86	183
175	55	44	188	61	139	6	199	148	173	123	143	128	163	8	136	127	9	143	65	122	78	86	183	102
55	44	188	61	24	6	199	148	173	122	143	128	163	8	132	127	9	143	65	181	78	86	183	102	37
44	188	61	24	98	199	148	173	122	86	128	163	8	132	124	9	143	65	181	67	86	183	102	37	153
188	61	24	98	134	148	173	122	86	150	163	8	132	124	136	143	65	181	67	152	183	102	37	153	128
61	24	98	134	164	173	122	86	150	114	8	132	124	136	93	65	181	67	152	60	102	37	153	128	173
24	98	134	164	67	122	86	150	114	97	132	124	136	93	143	181	67	152	60	158	37	153	128	173	18
98	134	164	67	62	86	150	114	97	113	124	136	93	143	157	67	152	60	158	120	153	128	173	18	21
134	164	67	62	178	150	114	97	113	24	136	93	143	157	182	152	60	158	120	22	128	173	18	21	176
164	67	62	178	1	114	97	113	24	149	93	143	157	182	9	60	158	120	22	199	173	18	21	176	7
67	62	178	1	40	97	113	24	149	34	143	157	182	9	101	158	120	22	199	144	18	21	176	7	105
62	178	1	40	104	113	24	149	34	24	157	182	9	101	64	120	22	199	144	44	21	176	7	105	124
178	1	40	104	24	24	149	34	24	163	182	9	101	64	102	22	199	144	44	137	176	7	105	124	50
1	40	104	24	1	149	34	24	163	118	9	101	64	102	49	199	144	44	137	181	7	105	124	50	86
40	104	24	1	171	34	24	163	118	87	101	64	102	49	8	144	44	137	181	144	105	124	50	86	33
104	24	1	171	75	24	163	118	87	17	64	102	49	8	164	44	137	181	144	22	124	50	86	33	99
75	77	44	192	111	74	154	126	147	26	165	24	33	57	162	43	71	172	68	33	42	156	115	14	118
77	44	192	111	173	154	126	147	26	46	24	33	57	162	148	71	172	68	33	96	156	115	14	118	178
44	192	111	173	156	126	147	26	46	99	33	57	162	148	38	172	68	33	96	184	115	14	118	178	15
192	111	173	156	142	147	26	46	99	34	57	162	148	38	108	68	33	96	184	7	14	118	178	15	137
111	173	156	142	36	26	46	99	34	62	162	148	38	108	144	33	96	184	7	157	118	178	15	137	97
173	156	142	36	178	46	99	34	62	194	148	38	108	144	94	96	184	7	157	27	178	15	137	97	143
156	142	36	178	35	99	34	62	194	110	38	108	144	94	164	184	7	157	27	77	15	137	97	143	52
142	36	178	35	9	34	62	194	110	125	108	144	94	164	157	7	157	27	77	175	137	97	143	52	128
36	178	35	9	8	62	194	110	125	73	144	94	164	157	177	157	27	77	175	66	97	143	52	128	51
178	35	9	8	139	194	110	125	73	123	94	164	157	177	136	27	77	175	66	122	143	52	128	51	55
35	9	8	139	6	110	125	73	123	143	164	157	177	136	127	77	175	66	122	78	52	128	51	55	169
9	8	139	6	199	125	73	123	143	128	157	177	136	127	9	175	66	122	78	86	128	51	55	169	179
8	139	6	199	148	73	123	143	128	163	177	136	127	9	143	66	122	78	86	183	51	55	169	179	153
139	6	199	148	173	123	143	128	163	8	136	127	9	143	65	122	78	86	183	102	55	169	179	153	9
6	199	148	173	122	143	128	163	8	132	127	9	143	65	181	78	86	183	102	37	169	179	153	9	95
199	148	173	122	86	128	163	8	132	124	9	143	65	181	67	86	183	102	37	153	179	153	9	95	105
148	173	122	86	150	163	8	132	124	136	143	65	181	67	152	183	102	37	153	128	153	9	95	105	144
173	122	86	150	114	8	132	124	136	93	65	181	67	152	60	102	37	153	128	173	9	95	105	144	71
122	86	150	114	97	132	124	136	93	143	181	67	152	60	158	37	153	128	173	18	95	105	144	71	48
86	150	114	97	113	124	136	93	143	157	67	152	60	158	120	153	128	173	18	21	105	144	71	48	191
150	114	97	113	24	136	93	143	157	182	152	60	158	120	22	128	173	18	21	176	144	71	48	191	30
114	97	113	24	149	93	143	157	182	9	60	158	120	22	199	173	18	21	176	7	71	48	191	30	15
97	113	24	149	34	143	157	182	9	101	158	120	22	199	144	18	21	176	7	105	48	191	30	15	151
113	24	149	34	24	157	182	9	101	64	120	22	199	144	44	21	176	7	105	124	191	30	15	151	4
24	149	34	24	163	182	9	101	64	102	22	199	144	44	137	176	7	105	124	50	30	15	151	4	181
149	34	24	163	118	9	101	64	102	49	199	144	44	137	181	7	105	124	50	86	15	151	4	181	17
34	24	163	118	87	101	64	102	49	8	144	44	137	181	144	105	124	50	86	33	151	4	181	17	64
24	163	118	87	17	64	102	49	8	164	44	137	181	144	22	124	50	86	33	99	4	181	17	64	61
74	154	126	147	26	165	24	33	57	162	43	71	172	68	33	42	156	115	14	118	149	18	153	198	173
154	126	147	26	46	24	33	57	162	148	71	172	68	33	96	156	115	14	118	178	18	153	198	173	11
126	147	26	46	99	33	57	162	148	38	172	68	33	96	184	115	14	118	178	15	153	198	173	11	104
147	26	46	99	34	57	162	148	38	108	68	33	96	184	7	14	118	178	15	137	198	173	11	104	174
26	46	99	34	62	162	148	38	108	144	33	96	184	7	157	118	178	15	137	97	173	11	104	174	123
46	99	34	62	194	148	38	108	144	94	96	184	7	157	27	178	15	137	97	143	11	104	174	123	125
99	34	62	194	110	38	108	144	94	164	184	7	157	27	77	15	137	97	143	52	104	174	123	125	122
34	62	194	110	125	108	144	94	164	157	7	157	27	77	175	137	97	143	52	128	174	123	125	122	186
62	194	110	125	73	144	94	164	157	177	157	27	77	175	66	97	143	52	128	51	123	125	122	186	166
194	110	125	73	123	94	164	157	177	136	27	77	175	66	122	143	52	128	51	55	125	122	186	166	54
110	125	73	123	143	164	157	177	136	127	77	175	66	122	78	52	128	51	55	169	122	186	166	54	19
125	73	123	143	128	157	177	136	127	9	175	66	122	78	86	128	51	55	169	179	186	166	54	19	111
73	123	143	128	163	177	136	127	9	143	66	122	78	86	183	51	55	169	179	153	166	54	19	111	173
123	143	128	163	8	136	127	9	143	65	122	78	86	183	102	55	169	179	153	9	54	19	111	173	46
143	128	163	8	132	127	9	143	65	181	78	86	183	102	37	169	179	153	9	95	19	111	173	46	28
128	163	8	132	124	9	143	65	181	67	86	183	102	37	153	179	153	9	95	105	111	173	46	28	132
163	8	132	124	136	143	65	181	67	152	183	102	37	153	128	153	9	95	105	144	173	46	28	132	140
8	132	124	136	93	65	181	67	152	60	102	37	153	128	173	9	95	105	144	71	46	28	132	140	136
132	124	136	93	143	181	67	152	60	158	37	153	128	173	18	95	105	144	71	48	28	132	140	136	3
124	136	93	143	157	67	152	60	158	120	153	128	173	18	21	105	144	71	48	191	132	140	136	3	28
136	93	143	157	182	152	60	158	120	22	128	173	18	21	176	144	71	48	191	30	140	136	3	28	180
93	143	157	182	9	60	158	120	22	199	173	18	21	176	7	71	48	191	30	15	136	3	28	180	3
143	157	182	9	101	158	120	22	199	144	18	21	176	7	105	48	191	30	15	151	3	28	180	3	99
157	182	9	101	64	120	22	199	144	44	21	176	7	105	124	191	30	15	151	4	28	180	3	99	84
182	9	101	64	102	22	199	144	44	137	176	7	105	124	50	30	15	151	4	181	180	3	99	84	117
9	101	64	102	49	199	144	44	137	181	7	105	124	50	86	15	151	4	181	17	3	99	84	117	165
101	64	102	49	8	144	44	137	181	144	105	124	50	86	33	151	4	181	17	64	99	84	117	165	193
64	102	49	8	164	44	137	181	144	22	124	50	86	33	99	4	181	17	64	61	84	117	165	193	1776
165	24	33	57	162	43	71	172	68	33	42	156	115	14	118	149	18	153	198	173	117	75	12	175	85
24	33	57	162	148	71	172	68	33	96	156	115	14	118	178	18	153	198	173	11	75	12	175	85	71
33	57	162	148	38	172	68	33	96	184	115	14	118	178	15	153	198	173	11	104	12	175	85	71	142
57	162	148	38	108	68	33	96	184	7	14	118	178	15	137	198	173	11	104	174	175	85	71	142	98
162	148	38	108	144	33	96	184	7	157	118	178	15	137	97	173	11	104	174	123	85	71	142	98	104
148	38	108	144	94	96	184	7	157	27	178	15	137	97	143	11	104	174	123	125	71	142	98	104	72
38	108	144	94	164	184	7	157	27	77	15	137	97	143	52	104	174	123	125	122	142	98	104	72	175
108	144	94	164	157	7	157	27	77	175	137	97	143	52	128	174	123	125	122	186	98	104	72	175	98
144	94	164	157	177	157	27	77	175	66	97	143	52	128	51	123	125	122	186	166	104	72	175	98	124
94	164	157	177	136	27	77	175	66	122	143	52	128	51	55	125	122	186	166	54	72	175	98	124	77
164	157	177	136	127	77	175	66	122	78	52	128	51	55	169	122	186	166	54	19	175	98	124	77	50
157	177	136	127	9	175	66	122	78	86	128	51	55	169	179	186	166	54	19	111	98	124	77	50	18
177	136	127	9	143	66	122	78	86	183	51	55	169	179	153	166	54	19	111	173	124	77	50	18	133
136	127	9	143	65	122	78	86	183	102	55	169	179	153	9	54	19	111	173	46	77	50	18	133	138
127	9	143	65	181	78	86	183	102	37	169	179	153	9	95	19	111	173	46	28	50	18	133	138	126
9	143	65	181	67	86	183	102	37	153	179	153	9	95	105	111	173	46	28	132	18	133	138	126	93
143	65	181	67	152	183	102	37	153	128	153	9	95	105	144	173	46	28	132	140	133	138	126	93	156
65	181	67	152	60	102	37	153	128	173	9	95	105	144	71	46	28	132	140	136	138	126	93	156	38
181	67	152	60	158	37	153	128	173	18	95	105	144	71	48	28	132	140	136	3	126	93	156	38	33
67	152	60	158	120	153	128	173	18	21	105	144	71	48	191	132	140	136	3	28	93	156	38	33	193
152	60	158	120	22	128	173	18	21	176	144	71	48	191	30	140	136	3	28	180	156	38	33	193	18
60	158	120	22	199	173	18	21	176	7	71	48	191	30	15	136	3	28	180	3	38	33	193	18	11
158	120	22	199	144	18	21	176	7	105	48	191	30	15	151	3	28	180	3	99	33	193	18	11	108
120	22	199	144	44	21	176	7	105	124	191	30	15	151	4	28	180	3	99	84	193	18	11	108	59
22	199	144	44	137	176	7	105	124	50	30	15	151	4	181	180	3	99	84	117	18	11	108	59	45
199	144	44	137	181	7	105	124	50	86	15	151	4	181	17	3	99	84	117	165	11	108	59	45	104
144	44	137	181	144	105	124	50	86	33	151	4	181	17	64	99	84	117	165	193	108	59	45	104	182
44	137	181	144	22	124	50	86	33	99	4	181	17	64	61	84	117	165	193	1776	59	45	104	182	56
43	71	172	68	33	42	156	115	14	118	149	18	153	198	173	117	75	12	175	85	116	153	94	73	60
71	172	68	33	96	156	115	14	118	178	18	153	198	173	11	75	12	175	85	71	153	94	73	60	196
172	68	33	96	184	115	14	118	178	15	153	198	173	11	104	12	175	85	71	142	94	73	60	196	71
68	33	96	184	7	14	118	178	15	137	198	173	11	104	174	175	85	71	142	98	73	60	196	71	12
33	96	184	7	157	118	178	15	137	97	173	11	104	174	123	85	71	142	98	104	60	196	71	12	190
96	184	7	157	27	178	15	137	97	143	11	104	174	123	125	71	142	98	104	72	196	71	12	190	15
184	7	157	27	77	15	137	97	143	52	104	174	123	125	122	142	98	104	72	175	71	12	190	15	89
7	157	27	77	175	137	97	143	52	128	174	123	125	122	186	98	104	72	175	98	12	190	15	89	54
157	27	77	175	66	97	143	52	128	51	123	125	122	186	166	104	72	175	98	124	190	15	89	54	29
27	77	175	66	122	143	52	128	51	55	125	122	186	166	54	72	175	98	124	77	15	89	54	29	189
77	175	66	122	78	52	128	51	55	169	122	186	166	54	19	175	98	124	77	50	89	54	29	189	145
175	66	122	78	86	128	51	55	169	179	186	166	54	19	111	98	124	77	50	18	54	29	189	145	145
66	122	78	86	183	51	55	169	179	153	166	54	19	111	173	124	77	50	18	133	29	189	145	145	21
122	78	86	183	102	55	169	179	153	9	54	19	111	173	46	77	50	18	133	138	189	145	145	21	103
78	86	183	102	37	169	179	153	9	95	19	111	173	46	28	50	18	133	138	126	145	145	21	103	134
86	183	102	37	153	179	153	9	95	105	111	173	46	28	132	18	133	138	126	93	145	21	103	134	146
183	102	37	153	128	153	9	95	105	144	173	46	28	132	140	133	138	126	93	156	21	103	134	146	132
102	37	153	128	173	9	95	105	144	71	46	28	132	140	136	138	126	93	156	38	103	134	146	132	84
37	153	128	173	18	95	105	144	71	48	28	132	140	136	3	126	93	156	38	33	134	146	132	84	191
153	128	173	18	21	105	144	71	48	191	132	140	136	3	28	93	156	38	33	193	146	132	84	191	140
128	173	18	21	176	144	71	48	191	30	140	136	3	28	180	156	38	33	193	18	132	84	191	140	179
173	18	21	176	7	71	48	191	30	15	136	3	28	180	3	38	33	193	18	11	84	191	140	179	4
18	21	176	7	105	48	191	30	15	151	3	28	180	3	99	33	193	18	11	108	191	140	179	4	102
21	176	7	105	124	191	30	15	151	4	28	180	3	99	84	193	18	11	108	59	140	179	4	102	99
176	7	105	124	50	30	15	151	4	181	180	3	99	84	117	18	11	108	59	45	179	4	102	99	73
7	105	124	50	86	15	151	4	181	17	3	99	84	117	165	11	108	59	45	104	4	102	99	73	45
105	124	50	86	33	151	4	181	17	64	99	84	117	165	193	108	59	45	104	182	102	99	73	45	109
124	50	86	33	99	4	181	17	64	61	84	117	165	193	1776	59	45	104	182	56	99	73	45	109	83
42	156	115	14	118	149	18	153	198	173	117	75	12	175	85	116	153	94	73	60	186	37	1	4	198
156	115	14	118	178	18	153	198	173	11	75	12	175	85	71	153	94	73	60	196	37	1	4	198	61
115	14	118	178	15	153	198	173	11	104	12	175	85	71	142	94	73	60	196	71	1	4	198	61	189
14	118	178	15	137	198	173	11	104	174	175	85	71	142	98	73	60	196	71	12	4	198	61	189	71
118	178	15	137	97	173	11	104	174	123	85	71	142	98	104	60	196	71	12	190	198	61	189	71	183
178	15	137	97	143	11	104	174	123	125	71	142	98	104	72	196	71	12	190	15	61	189	71	183	132
15	137	97	143	52	104	174	123	125	122	142	98	104	72	175	71	12	190	15	89	189	71	183	132	44
137	97	143	52	128	174	123	125	122	186	98	104	72	175	98	12	190	15	89	54	71	183	132	44	80
97	143	52	128	51	123	125	122	186	166	104	72	175	98	124	190	15	89	54	29	183	132	44	80	155
143	52	128	51	55	125	122	186	166	54	72	175	98	124	77	15	89	54	29	189	132	44	80	155	76
52	128	51	55	169	122	186	166	54	19	175	98	124	77	50	89	54	29	189	145	44	80	155	76	91
128	51	55	169	179	186	166	54	19	111	98	124	77	50	18	54	29	189	145	145	80	155	76	91	43
51	55	169	179	153	166	54	19	111	173	124	77	50	18	133	29	189	145	145	21	155	76	91	43	101
55	169	179	153	9	54	19	111	173	46	77	50	18	133	138	189	145	145	21	103	76	91	43	101	90
169	179	153	9	95	19	111	173	46	28	50	18	133	138	126	145	145	21	103	134	91	43	101	90	183
179	153	9	95	105	111	173	46	28	132	18	133	138	126	93	145	21	103	134	146	43	101	90	183	46
153	9	95	105	144	173	46	28	132	140	133	138	126	93	156	21	103	134	146	132	101	90	183	46	148
9	95	105	144	71	46	28	132	140	136	138	126	93	156	38	103	134	146	132	84	90	183	46	148	153
95	105	144	71	48	28	132	140	136	3	126	93	156	38	33	134	146	132	84	191	183	46	148	153	166
105	144	71	48	191	132	140	136	3	28	93	156	38	33	193	146	132	84	191	140	46	148	153	166	91
144	71	48	191	30	140	136	3	28	180	156	38	33	193	18	132	84	191	140	179	148	153	166	91	69
71	48	191	30	15	136	3	28	180	3	38	33	193	18	11	84	191	140	179	4	153	166	91	69	12
48	191	30	15	151	3	28	180	3	99	33	193	18	11	108	191	140	179	4	102	166	91	69	12	106
191	30	15	151	4	28	180	3	99	84	193	18	11	108	59	140	179	4	102	99	91	69	12	106	19
30	15	151	4	181	180	3	99	84	117	18	11	108	59	45	179	4	102	99	73	69	12	106	19	31
15	151	4	181	17	3	99	84	117	165	11	108	59	45	104	4	102	99	73	45	12	106	19	31	189
151	4	181	17	64	99	84	117	165	193	108	59	45	104	182	102	99	73	45	109	106	19	31	189	60
4	181	17	64	61	84	117	165	193	1776	59	45	104	182	56	99	73	45	109	83	19	31	189	60	157
149	18	153	198	173	117	75	12	175	85	116	153	94	73	60	186	37	1	4	198	5	64	176	110	139
18	153	198	173	11	75	12	175	85	71	153	94	73	60	196	37	1	4	198	61	64	176	110	139	58
153	198	173	11	104	12	175	85	71	142	94	73	60	196	71	1	4	198	61	189	176	110	139	58	0
198	173	11	104	174	175	85	71	142	98	73	60	196	71	12	4	198	61	189	71	110	139	58	0	169
173	11	104	174	123	85	71	142	98	104	60	196	71	12	190	198	61	189	71	183	139	58	0	169	29
11	104	174	123	125	71	142	98	104	72	196	71	12	190	15	61	189	71	183	132	58	0	169	29	42
104	174	123	125	122	142	98	104	72	175	71	12	190	15	89	189	71	183	132	44	0	169	29	42	161
174	123	125	122	186	98	104	72	175	98	12	190	15	89	54	71	183	132	44	80	169	29	42	161	11
123	125	122	186	166	104	72	175	98	124	190	15	89	54	29	183	132	44	80	155	29	42	161	11	22
125	122	186	166	54	72	175	98	124	77	15	89	54	29	189	132	44	80	155	76	42	161	11	22	150
122	186	166	54	19	175	98	124	77	50	89	54	29	189	145	44	80	155	76	91	161	11	22	150	122
186	166	54	19	111	98	124	77	50	18	54	29	189	145	145	80	155	76	91	43	11	22	150	122	130
166	54	19	111	173	124	77	50	18	133	29	189	145	145	21	155	76	91	43	101	22	150	122	130	61
54	19	111	173	46	77	50	18	133	138	189	145	145	21	103	76	91	43	101	90	150	122	130	61	190
19	111	173	46	28	50	18	133	138	126	145	145	21	103	134	91	43	101	90	183	122	130	61	190	89
111	173	46	28	132	18	133	138	126	93	145	21	103	134	146	43	101	90	183	46	130	61	190	89	24
173	46	28	132	140	133	138	126	93	156	21	103	134	146	132	101	90	183	46	148	61	190	89	24	139
46	28	132	140	136	138	126	93	156	38	103	134	146	132	84	90	183	46	148	153	190	89	24	139	25
28	132	140	136	3	126	93	156	38	33	134	146	132	84	191	183	46	148	153	166	89	24	139	25	197
132	140	136	3	28	93	156	38	33	193	146	132	84	191	140	46	148	153	166	91	24	139	25	197	147
140	136	3	28	180	156	38	33	193	18	132	84	191	140	179	148	153	166	91	69	139	25	197	147	26
136	3	28	180	3	38	33	193	18	11	84	191	140	179	4	153	166	91	69	12	25	197	147	26	186
3	28	180	3	99	33	193	18	11	108	191	140	179	4	102	166	91	69	12	106	197	147	26	186	198
28	180	3	99	84	193	18	11	108	59	140	179	4	102	99	91	69	12	106	19	147	26	186	198	79
180	3	99	84	117	18	11	108	59	45	179	4	102	99	73	69	12	106	19	31	26	186	198	79	99
3	99	84	117	165	11	108	59	45	104	4	102	99	73	45	12	106	19	31	189	186	198	79	99	72
99	84	117	165	193	108	59	45	104	182	102	99	73	45	109	106	19	31	189	60	198	79	99	72	130
84	117	165	193	1776	59	45	104	182	56	99	73	45	109	83	19	31	189	60	157	79	99	72	130	5